for the cube we took dimensions 0.2x0.2x0.14
propellercw1: (-0.031609 0.031739 -0.006721)
propellercw2: (0.031674 -0.031545 -0.006436)
propellerccw1: (0.031692 0.031757 -0.006429)
propellerccw2: (-0.031609 -0.031545 -0.00672)
locationInMesh ((0.000222 0.000099 0.00642) Dronesupport_base)
    ((-0.031794 -0.031209 0.001282) motor_cw2)
    ((0.031615 0.031607 0.001285) motor_ccw1)
    ((0.031611 -0.031684 0.001283) motor_cw1)
    ((-0.031675  0.031685 0.001282) motor_ccw2)
    ((-0.031029 -0.031684 -0.008749) propeller_ccw2)
    ((-0.031029 0.031602 -0.00875) propeller_cw2)
    ((0.032362 0.031602 -0.008749) propeller_ccw1)
    ((0.032362 -0.031684 -0.008749) propeller_ccw2)
    ((-0.029073 -0.029082 0.006431) brasccw2)
    ((0.029008 -0.029082 0.006429) brascw1)
    ((0.029009 0.029 0.006429) brasccw1)
    ((-0.028298 0.03152 0.006429) brascw2)




(0.000055 0.000098 0.00585) Dronesupport_base)
    /*((-0.031794 -0.031209 0) motor_ccw2)
    ((0.031615 0.031607 0) motor_ccw1)
    ((0.031611 -0.031684 0) motor_cw1)
    ((-0.031675  0.031685 0) motor_cw2)
    ((-0.031609 -0.032317 -0.00672) propeller_ccw2)
    ((-0.031609 0.030941 -0.00672) propeller_cw2)
    ((0.031676 0.030916 -0.00672) propeller_ccw1)
    ((0.031676 -0.031684 -0.00672) propeller_cw1)
    ((-0.029073 -0.029082 0.006431) brasccw2)
    ((0.029008 -0.029082 0.006429) brascw1)
    ((0.029009 0.029 0.006429) brasccw1)
    ((-0.028298 0.03152 0.006429) brascw2)*/
*



((0.000055 0.003443 0.006519) Dronesupport_base)
    ((0.031615 0.031607 0) motor_ccw1)
    ((-0.031794 -0.031209 0) motor_ccw2)
    ((0.031611 -0.031684 0) motor_cw1)
    ((-0.031675  0.031685 0) motor_cw2)
    ((0.03273 0.032355 -0.00672) propeller_ccw1)
    ((-0.030132 -0.031499 -0.00672) propeller_ccw2)
    ((0.03273 -0.030877 -0.00672) propeller_cw1)
    ((-0.030132 0.032355 -0.00672) propeller_cw2)
    ((0.036548 0.032287 0.015987) brasccw1)
    ((-0.037396 -0.032149 0.015987) brasccw2)
    ((0.036806 -0.032149 0.015987) brascw1)
    ((-0.037396 0.032287 0.015987) brascw2)


((0.041753 0.031757 -0.006429) rotatingccw1)
((0.049566 -0.038715 -0.006429) rotatingcw1)
((-0.019978 -0.031545 -0.006429) rotatingccw2)
((-0.020511 0.024497 -0.006429) rotatingcw2)



